Best 3 {3 7 1.2126192603672208 4 1.1533892575417135 0 44 1.356018440455649 2.9990170536896086}
{3 6 1.2126192603672208 4 1.1533892575417135 1 44 1.356018440455649 3.203026610578628}
{8 6 0.9965184758793545 3 1.9458155582839889 2 15 1.2532129855829948 3.3661074407703353}
{3 6 1.2126192603672208 3 1.1533892575417135 1 44 1.356018440455649 3.203026610578628}

Best 4 {8 7 0.8875555635175232 3 1.9458155582839889 2 16 1.3295720705211722 3.3661074407703353}
{3 7 1.2126192603672208 4 1.1533892575417135 0 44 1.356018440455649 2.9990170536896086}
{3 6 1.9428360101494957 2 1.1533892575417135 0 44 1.7025945722428748 3.779806059948905}
{3 6 1.2126192603672208 3 1.1533892575417135 1 44 1.356018440455649 3.203026610578628}

Best 5 {2 7 1.2126192603672208 4 1.1533892575417135 0 43 1.356018440455649 2.7153348548648344}
{3 7 1.5627500414902489 3 1.1533892575417135 1 44 1.2632225657027543 3.203026610578628}
{3 7 1.2126192603672208 4 1.1533892575417135 0 44 1.356018440455649 2.9990170536896086}
{8 8 1.6213879982751276 3 0.9643231042793619 2 14 0.9623803419389294 3.3661074407703353}

Best 5 {4 6 1.3407562335554821 3 2.769296982415744 1 29 1.0428668145007354 1.1701303418858935}
{2 8 1.4380952700458898 1 1.0789094614432906 4 30 1.289282933357937 2.9033608175272123}
{3 7 1.6914003907119988 1 1.0789094614432906 4 36 1.289282933357937 2.9033608175272123}
{2 7 2.4544923974385098 1 0.8095223746737602 4 45 0.7650651361816949 3.568859532906685}
{3 7 2.158173588837378 1 1.6692041320560334 4 38 0.8181056671178595 3.568859532906685}

Best 4 {3 7 1.6914003907119988 1 1.0789094614432906 4 36 1.289282933357937 2.9033608175272123}
{3 7 2.158173588837378 1 1.6692041320560334 4 38 0.8181056671178595 3.568859532906685}
{5 6 1.3407562335554821 2 2.7067498127124447 1 21 1.0428668145007354 1.1701303418858935}
{4 6 1.3407562335554821 3 2.769296982415744 1 29 1.0428668145007354 1.1701303418858935}
{5 5 2.3280739144620237 3 2.0109564221973018 2 29 1.0428668145007354 1.1701303418858935}

Best 10 {2 8 2.717948926451548 1 2.813055202943814 1 42 1.930275057602631 2.593415863855528}
{1 8 3.5291705195446497 0 2.532521378287069 1 40 1.9063700941842838 3.4303153124968437}
{0 7 3.3583003094505894 0 3.115847561061921 1 35 2.066625141059196 2.3731716073783744}
{1 8 3.1101276207112125 1 3.115847561061921 1 35 2.2696098145058583 2.861032022281741}
{0 6 3.4086783674447734 0 2.0069563671689306 0 7 2.139459473058868 2.0028732168793617}

Best 9 {2 8 2.717948926451548 1 2.813055202943814 1 42 1.930275057602631 2.593415863855528}
{1 8 3.52700452596712 1 3.924078372915659 0 29 1.930275057602631 2.3731716073783744}
{1 7 3.52700452596712 1 3.115847561061921 0 35 1.930275057602631 2.3731716073783744}
{3 7 3.356813038833363 2 3.7283667643668768 2 6 2.2114291848342336 2.6612886820585793}
{0 6 3.4086783674447734 0 2.0069563671689306 0 7 2.139459473058868 2.0028732168793617}

